Total amount of free biome ids: C:\Users\eXist3nZ\Desktop\minecraft server\minecraft server\config\AntiIDConflict\biomes\avaibleIDs.txt
List of free biome ids:
40
41
85
86
87
88
89
90
91
92
93
94
95
96
97
98
99
100
101
102
103
104
105
106
107
108
109
110
111
112
113
114
115
116
117
118
119
120
121
122
123
124
125
126
127
128
135
136
137
138
139
141
142
143
144
145
146
147
148
150
152
153
154
159
168
169
170
171
172
173
174
175
176
177
178
179
180
181
182
183
184
185
186
187
188
189
190
191
196
197
198
199
225
226
227
228
229
230
231
232
233
234
235
236
237
238
239
240
241
242
243
244
245
246
247
248
249
250
251
252
253
254
255
